
****************************result(by time)***********************************
   time(s)        ios    average  time(ms)    ios per sec(io/s)    spend(kb/s)
   0--  10        325           0.055323                   32             84
  10--  20        443           0.055230                   44            118
  20--  30        217           0.062518                   22             62
  30--  40        468           0.059158                   47            134
  40--  50        446           0.058951                   44            133
  50--  60        356           0.065051                   36            122
  60--  70        303           0.058385                   33             88
  70--  80        315           0.090022                   31            173
  80--  90        165           0.353988                   22            623
  90-- 100        275           0.056959                   32             72
 100-- 110        133           0.058958                   13             31
 110-- 120        424           0.067138                   42            170
 120-- 130        186           0.058921                   18             52
 130-- 140        239           0.058383                   27             71
 140-- 150        143           0.081354                   15             81
 150-- 160        387           0.086183                   39            238
 160-- 170        318           0.093969                   31            227
 170-- 180        584           0.139163                   58            618
 180-- 190        414           0.146544                   41            460
 190-- 200        422           0.084344                   42            257
 200-- 210        464           0.081954                   46            265
 210-- 220        519           0.079332                   52            283
 220-- 230        497           0.080628                   49            272
 230-- 240        630           0.078752                   63            336
 240-- 250        691           0.077832                   69            347
 250-- 260        635           0.075867                   66            317
