
****************************result(by time)***********************************
   time(s)        ios    average  time(ms)    ios per sec(io/s)    spend(kb/s)
   0--  10        325           0.225962                   32             84
  10--  20        443           0.230083                   44            118
  20--  30        217           0.260518                   22             62
  30--  40        468           0.245814                   47            134
  40--  50        446           0.245500                   44            133
  50--  60        356           0.272817                   36            122
  60--  70        303           0.242797                   33             88
  70--  80        315           0.383977                   31            173
  80--  90        165           1.490242                   22            622
  90-- 100        275           0.237644                   32             72
 100-- 110        133           0.246346                   13             31
 110-- 120        424           0.281232                   42            170
 120-- 130        186           0.245220                   18             52
 130-- 140        239           0.242865                   27             71
 140-- 150        143           0.340445                   15             81
 150-- 160        387           0.361213                   39            238
 160-- 170        318           0.393970                   31            227
 170-- 180        584           0.584467                   58            618
 180-- 190        414           0.616369                   41            460
 190-- 200        422           0.353250                   42            257
 200-- 210        464           0.343018                   46            265
 210-- 220        519           0.332488                   52            283
 220-- 230        497           0.337550                   49            272
 230-- 240        630           0.329806                   63            336
 240-- 250        691           0.325745                   69            347
 250-- 260        635           0.317286                   66            317
